kinematics:
  shoulder:
    x: 0
    y: 0
    z: 0.1806675941015643
    roll: -0
    pitch: 0
    yaw: -2.780151156858701e-08
  upper_arm:
    x: 9.764557474695601e-05
    y: 0
    z: 0
    roll: 1.570475863389543
    pitch: 0
    yaw: 4.366874194939433e-06
  forearm:
    x: -0.6124098399895199
    y: 0
    z: 0
    roll: 0.000527203775355122
    pitch: 0.001461477036750137
    yaw: -3.458212629217436e-06
  wrist_1:
    x: -0.5713299199338444
    y: -0.001578591647001382
    z: 0.1739757309668167
    roll: 0.009073382351312441
    pitch: -0.001095733058870701
    yaw: 1.012711875599223e-05
  wrist_2:
    x: -1.290813102123818e-05
    y: -0.1198361104668331
    z: 3.183517376627095e-05
    roll: 1.57053067086787
    pitch: 0
    yaw: 4.258038717556977e-07
  wrist_3:
    x: -2.352777293546097e-05
    y: 0.1157331514462653
    z: 8.998300479744339e-05
    roll: 1.571573830781792
    pitch: 3.141592653589793
    yaw: 3.141592052526279
  hash: calib_13011956052589383836